,id,y_true,prob_svm_seed_1_skf_4_paras_19_kernel_rbf_C_1_gamma_1,class_svm_seed_1_skf_4_paras_19_kernel_rbf_C_1_gamma_1
0,5262,1,0.11114062811449187,0
1,4202,1,0.9090932424373689,1
2,2218,0,0.06011538779465769,0
3,4517,0,0.13206363124102322,0
4,239,0,0.08032047662892118,0
5,2690,0,0.376647520733591,0
6,4637,0,0.21169079542911562,0
7,4690,0,0.10101463025248099,0
8,3063,0,0.03820508354438948,0
9,3593,0,0.12412922306549012,0
10,1055,1,0.2942866740702205,0
11,3638,0,0.07253812231242723,0
12,4496,0,0.2118574803457141,0
13,3514,1,0.29011060698662283,0
14,2445,0,0.07193800484865738,0
15,2358,0,0.5616382914859692,1
16,1021,0,0.06145226634770776,0
17,4138,0,0.2436192852441483,0
18,1296,0,0.028392143583978808,0
19,1730,0,0.05952893012571171,0
20,4495,1,0.8976868465002746,1
21,5215,0,0.046242705555314206,0
22,1520,0,0.07693215163904456,0
23,5139,0,0.06700316498995336,0
24,4904,1,0.929239671680161,1
25,1159,0,0.047729323348295466,0
26,730,0,0.052006284682722684,0
27,2687,0,0.10355054106479955,0
28,5035,0,0.060229906304180486,0
29,2801,0,0.07715021652456172,0
30,3663,0,0.718545933359286,1
31,2429,0,0.07582740169282674,0
32,2659,0,0.05198094937054697,0
33,930,0,0.059969792498859295,0
34,4894,0,0.051981665874580384,0
35,5221,0,0.0932571976516526,0
36,5005,0,0.17611397530334272,0
37,1382,0,0.0942106647762025,0
38,455,1,0.49438738446123043,0
39,2585,1,0.6939889698487104,1
40,3415,0,0.04648349113726573,0
41,1905,0,0.08048611665172598,0
42,4903,0,0.15269221581632123,0
43,1629,1,0.7738698101485947,1
44,4026,1,0.8853543194849564,1
45,2938,0,0.1438504724491868,0
46,3696,0,0.056507739035377744,0
47,4795,0,0.1786200988372653,0
48,4489,0,0.14084444902827692,0
49,382,1,0.5278671362704765,1
50,496,0,0.05457155198581963,0
51,5157,0,0.0721525953576032,0
52,190,1,0.197030547285638,0
53,2252,0,0.09574574231795362,0
54,1377,1,0.8823790153862177,1
55,26,1,0.3234280829453078,0
56,1476,0,0.0961847408973215,0
57,2391,0,0.12056966225127277,0
58,868,0,0.06112007012109474,0
59,1146,0,0.22663241946688448,0
60,1294,0,0.05192809182412738,0
61,1511,1,0.3407362119947263,0
62,1069,0,0.07059825458609605,0
63,4695,1,0.3869725479146141,0
64,1575,0,0.08247879931648434,0
65,4977,0,0.2702013876623544,0
66,3873,0,0.1381840205256587,0
67,4797,1,0.3918833390314683,0
68,805,0,0.1425163790136671,0
69,1420,1,0.6268337164668534,1
70,2738,0,0.12721314593940383,0
71,1199,1,0.7957155937969698,1
72,3877,0,0.03617554101256357,0
73,4319,0,0.12902594253366656,0
74,677,1,0.35670943268547445,0
75,1375,0,0.13756358250898854,0
76,818,1,0.7346901848270919,1
77,1471,0,0.07749466876744261,0
78,4815,0,0.4161137545359878,0
79,199,1,0.6420669112140134,1
80,1723,1,0.9690973909735001,1
81,1051,0,0.43968526297258587,0
82,1017,1,0.9514591084784559,1
83,475,0,0.16025409481691438,0
84,479,0,0.1349100829953486,0
85,5173,0,0.9222057727959326,1
86,5050,0,0.0940685038978696,0
87,2552,0,0.062323279588696906,0
88,2347,0,0.13342653532259854,0
89,3653,0,0.06561261879706541,0
90,2754,1,0.7741500359786355,1
91,3684,0,0.07684648263560129,0
92,4825,0,0.10598211738719687,0
93,4954,0,0.19555481193175883,0
94,1047,0,0.1340381792589179,0
95,2426,1,0.20637528516634054,0
96,514,0,0.1966504365535298,0
97,3320,1,0.7930094866529699,1
98,3343,0,0.2716024490907195,0
99,3838,0,0.08890651106791898,0
100,1590,0,0.09659984521979703,0
101,5007,0,0.10863480121967821,0
102,4476,1,0.1203076191639892,0
103,4819,0,0.29359135087770527,0
104,1607,1,0.9090324250470051,1
105,3159,0,0.0819997094150194,0
106,4915,1,0.2075340510986245,0
107,3942,0,0.19280343771291258,0
108,3495,0,0.08507689761625718,0
109,341,0,0.13465613185336928,0
110,2079,0,0.043775979278233366,0
111,118,1,0.4463748917738314,0
112,1130,0,0.08661936356913422,0
113,463,0,0.09368097967310793,0
114,3363,0,0.2108677732709019,0
115,585,1,0.782689539079899,1
116,1321,0,0.09785840436270227,0
117,4055,0,0.15151558380271188,0
118,3087,0,0.06420011144781128,0
119,3694,0,0.155742186633375,0
120,1410,0,0.04908206114690672,0
121,2480,1,0.09906064811362936,0
122,4930,0,0.2568590340004812,0
123,2791,1,0.9180364790957375,1
124,4390,0,0.13756358303797284,0
125,325,1,0.6505594253944061,1
126,1568,0,0.07317452333500503,0
127,4197,0,0.1070253070790069,0
128,2333,1,0.9158798004220248,1
129,1190,0,0.17764952975187437,0
130,449,1,0.9822227363715456,1
131,235,1,0.5736070328159009,1
132,2678,0,0.5831944428921632,1
133,3961,0,0.09289937580161378,0
134,375,1,0.12772767492042938,0
135,3187,0,0.039896481720469064,0
136,4249,0,0.07989507824182064,0
137,2303,0,0.2159257484642491,0
138,308,1,0.5889762936642232,1
139,4419,0,0.1296959406478782,0
140,3503,1,0.7676938843206356,1
141,3601,0,0.07217896499051027,0
142,879,1,0.9105864834034593,1
143,97,0,0.05996970516734874,0
144,3692,0,0.06315035931782029,0
145,1385,1,0.9709596283925178,1
146,3231,1,0.8769066281486919,1
147,2634,0,0.05771075075824433,0
148,401,0,0.05533489974637493,0
149,3950,0,0.11675013924560733,0
150,3705,0,0.1600226078527427,0
151,209,0,0.08510597464945849,0
152,2298,0,0.9313348263300663,1
153,3607,0,0.13756158376893146,0
154,5297,0,0.09302922490738767,0
155,3200,0,0.09280297702233709,0
156,4295,1,0.04311186680273458,0
157,2382,0,0.12137614740755291,0
158,2875,0,0.047965398645021515,0
159,749,0,0.06490656006051786,0
160,2823,1,0.8895104041479365,1
161,825,0,0.05298826439999723,0
162,3057,1,0.6802163989385175,1
163,1359,0,0.17751356764007337,0
164,2917,0,0.8771005392137105,1
165,4110,1,0.9312331099553441,1
166,3602,0,0.12408464322365917,0
167,1622,0,0.7731934930673207,1
168,218,0,0.2246466261037323,0
169,641,0,0.050673875902807454,0
170,3997,0,0.12412922306549012,0
171,481,0,0.08596321345576492,0
172,5178,1,0.35049428903217983,0
173,5075,0,0.12882345202400952,0
174,3315,0,0.2872458193852131,0
175,1449,0,0.05293309078082285,0
176,414,1,0.09295417806006531,0
177,400,0,0.1744298699820646,0
178,2471,1,0.9097738002388936,1
179,4241,0,0.060274373710009495,0
180,1926,1,0.7270683510811444,1
181,5094,0,0.05862369204495495,0
182,3795,0,0.07063048545517343,0
183,3447,0,0.051988608882865425,0
184,2942,0,0.05055279473032026,0
185,3576,0,0.10931949073851685,0
186,5253,0,0.07190803220045713,0
187,2066,0,0.21746649946126903,0
188,3326,0,0.052006784523096906,0
189,4616,0,0.13667440209718382,0
190,3547,0,0.20930576875987109,0
191,3974,1,0.6961512446814122,1
192,4265,1,0.6385605654996993,1
193,3224,0,0.0625783353222066,0
194,3693,0,0.09031612506988348,0
195,1191,0,0.16192197217768003,0
196,4664,0,0.15689676801927946,0
197,1650,0,0.06368386595850756,0
198,1795,0,0.07223266276525704,0
199,154,1,0.13195980159585508,0
200,4569,0,0.19592599466085547,0
201,1985,0,0.3983268804462003,0
202,2923,1,0.5860052338878076,1
203,3728,0,0.0790859227015912,0
204,4067,1,0.8683237977009964,1
205,5134,0,0.5812395378958838,1
206,362,0,0.44445817170649154,0
207,5256,0,0.5194495981344747,1
208,3403,1,0.09796124070763536,0
209,2755,0,0.2960922948136104,0
210,3185,0,0.09555552353072513,0
211,1024,0,0.056939845947382016,0
212,3183,0,0.06150452041225738,0
213,2863,0,0.05957218685755725,0
214,2262,1,0.6629648538024426,1
215,4573,0,0.133684853176432,0
216,4117,1,0.7709114913310278,1
217,3020,0,0.1368678209350509,0
218,3780,1,0.9019325413649875,1
219,4318,0,0.08877460454146363,0
220,2228,0,0.06037313212818429,0
221,2341,0,0.07789654522947152,0
222,4224,1,0.06999046946194193,0
223,2896,0,0.05779617757585168,0
224,4490,0,0.05431883785289844,0
225,3721,0,0.20215932941740675,0
226,5018,1,0.37709897579727525,0
227,5097,0,0.08399007343383799,0
228,4254,0,0.05258735959691606,0
229,5064,1,0.17456818071264965,0
230,4509,0,0.14444849946085253,0
231,5311,0,0.05238546520582055,0
232,4684,1,0.7884785257615756,1
233,4268,1,0.9091351061071046,1
234,1431,0,0.04299726794505109,0
235,1849,0,0.06911918582740773,0
236,1960,1,0.13754580343158215,0
237,1935,0,0.045347483033564166,0
238,1316,0,0.0569927036943967,0
239,1333,0,0.09530564068252546,0
240,1877,0,0.11848472250748533,0
241,688,0,0.09660554684143985,0
242,3745,0,0.0475825134210329,0
243,3980,0,0.050910962729398386,0
244,5082,0,0.13811748410663696,0
245,1519,0,0.08686479699316099,0
246,3417,0,0.18375644489901066,0
247,1337,0,0.06412310728774002,0
248,2470,0,0.09357331688659128,0
249,2411,1,0.7746180533871544,1
250,4172,0,0.6480460366559819,1
251,4577,0,0.135688587472268,0
252,4650,0,0.12339637673067785,0
253,1904,0,0.07003875226745719,0
254,2276,0,0.20361935707121662,0
255,1356,0,0.05431615224647965,0
256,1182,0,0.11333600936344036,0
257,3051,1,0.908248753630034,1
258,3137,1,0.9338263864096508,1
259,321,0,0.5165341354038099,1
260,2024,0,0.5332653885226714,1
261,4493,0,0.04040641291679929,0
262,136,0,0.036069379547365034,0
263,2765,1,0.9312331099553441,1
264,2365,0,0.04466368783414756,0
265,3507,0,0.05194976761989849,0
266,4345,0,0.08177780592038997,0
267,2607,1,0.8866645273337934,1
268,2857,0,0.05196368352125208,0
269,307,1,0.9477441755994293,1
270,499,0,0.1032582444666585,0
271,1058,0,0.045321692675297114,0
272,5012,0,0.0624586113392885,0
273,196,0,0.0349425014552692,0
274,5053,0,0.05756577901132998,0
275,1693,0,0.05505272414252858,0
276,2107,0,0.06036751465440424,0
277,1167,0,0.23686997929079298,0
278,1742,0,0.09981741096750842,0
279,3377,0,0.02764897922024165,0
280,431,1,0.6994839217458073,1
281,4,0,0.06224275479125639,0
282,423,1,0.912156998354831,1
283,1084,0,0.05963512511649851,0
284,1540,0,0.1391629029468492,0
285,3959,0,0.03779586375507348,0
286,3649,0,0.07269458193646451,0
287,1855,1,0.9312331099553441,1
288,497,0,0.15408084091486085,0
289,1154,0,0.11403562957255589,0
290,1585,0,0.08917559662287,0
291,4765,1,0.5753688140699259,1
292,3771,0,0.037231663642116435,0
293,983,1,0.129303949264268,0
294,4277,1,0.2634778923711793,0
295,371,0,0.051305453333104545,0
296,4718,0,0.137439250396306,0
297,4294,0,0.5981664959339842,1
298,801,0,0.04170212477712947,0
299,4908,0,0.10376125909202354,0
300,1937,0,0.08864268051050259,0
301,3651,0,0.038746144967991246,0
302,2507,0,0.05942565410539601,0
303,4234,0,0.1328509660701628,0
304,447,0,0.07465566268271513,0
305,5159,1,0.4580040524324569,0
306,2497,0,0.27131457761209954,0
307,2350,0,0.07719737831544302,0
308,3068,0,0.37163280101936025,0
309,676,1,0.6673498566340005,1
310,68,0,0.06084344303291364,0
311,197,1,0.8354584380375493,1
312,3139,1,0.9123465036142626,1
313,941,0,0.05515741954967497,0
314,876,0,0.11960577407407501,0
315,2749,0,0.042756805535009185,0
316,112,0,0.6816909827003537,1
317,3147,0,0.033914354698903464,0
318,1493,0,0.1004861902550111,0
319,2025,0,0.20658827311409758,0
320,5170,0,0.05200523428597317,0
321,3498,1,0.7159159530149882,1
322,2237,0,0.10224695469993521,0
323,4239,1,0.16405841220888842,0
324,3182,0,0.05198490671103237,0
325,3325,0,0.13708425643754535,0
326,1810,1,0.8980076343183312,1
327,2463,0,0.05765752861071488,0
328,4203,0,0.6293294353786215,1
329,3402,0,0.2816885854908914,0
330,2089,0,0.061180448117688045,0
331,2517,0,0.11140736049366007,0
332,3393,0,0.05887402655454706,0
333,870,0,0.1344123784265281,0
334,1240,0,0.12306095696493165,0
335,4630,1,0.3385969152217999,0
336,1749,0,0.035624976793950686,0
337,3725,0,0.23371781239549838,0
338,4218,0,0.054574577654308946,0
339,3682,0,0.13300672983934966,0
340,2538,0,0.06309481896502196,0
341,858,0,0.079648686108657,0
342,2851,0,0.05181846372540554,0
343,459,1,0.8812235613422646,1
344,2397,0,0.10888585202734943,0
345,161,1,0.06903563494749135,0
346,2502,0,0.12203464878913825,0
347,4959,1,0.8603222544551157,1
348,2161,1,0.9089784738054072,1
349,1570,0,0.04748033223874065,0
350,2271,0,0.06568771004999864,0
351,4528,0,0.09112974406726124,0
352,3706,0,0.04746984665171027,0
353,673,0,0.05768604073939031,0
354,994,1,0.9089570628856737,1
355,1392,1,0.8499357229486952,1
356,4143,0,0.1366756176968764,0
357,2269,0,0.06218666584528746,0
358,2202,0,0.1501766653472179,0
359,2800,0,0.06062718229575408,0
360,5044,0,0.08421417390694985,0
361,4473,1,0.9523701035958775,1
362,4011,0,0.1352466537340532,0
363,2518,0,0.11760299394104774,0
364,2498,0,0.06065312014188131,0
365,2715,0,0.07749899083520627,0
366,3480,0,0.060804185512125956,0
367,4612,0,0.10696683782069531,0
368,536,0,0.0481765035841101,0
369,3603,0,0.047268358811203524,0
370,2592,0,0.11050874489662782,0
371,3630,0,0.1826410174850451,0
372,3656,0,0.13755010298823064,0
373,1087,0,0.11132544357995974,0
374,3303,0,0.15779243753019506,0
375,200,0,0.08454212458752182,0
376,1512,1,0.8926834568019485,1
377,1213,0,0.08261172428360669,0
378,737,1,0.8729593461906472,1
379,1889,1,0.7688294382967211,1
380,389,0,0.2006754332122391,0
381,4111,0,0.48429775887023574,0
382,5217,0,0.04226933323935483,0
383,3385,1,0.8959591460814896,1
384,4971,0,0.7140172132922349,1
385,2855,0,0.4248540642631561,0
386,5142,0,0.12667387083910184,0
387,1482,1,0.9631286339110166,1
388,5049,1,0.3221445048210715,0
389,2524,0,0.2085083018136157,0
390,3454,1,0.8933434323198979,1
391,4261,0,0.04103906767955649,0
392,1667,1,0.9091661159455235,1
393,3036,0,0.06740428929341703,0
394,2843,0,0.10882550678099537,0
395,3549,1,0.9658229546401814,1
396,165,0,0.03696014880408215,0
397,4842,0,0.03876065118365069,0
398,967,0,0.09531664432080261,0
399,2308,0,0.5174981950653171,1
400,1965,0,0.279659627307121,0
401,3739,1,0.9091661159455235,1
402,3075,1,0.13804426855655716,0
403,3000,1,0.9445245634228355,1
404,2351,0,0.07940710224843979,0
405,3632,1,0.9027564339109022,1
406,2719,0,0.14935191087219374,0
407,1467,0,0.08394029058167943,0
408,2456,1,0.9557739793475992,1
409,4593,0,0.17694470686107125,0
410,3810,0,0.09901627147009971,0
411,3229,0,0.0442330521026606,0
412,3782,0,0.05201962183236388,0
413,2897,1,0.9387747165176938,1
414,4159,0,0.06656491869322977,0
415,4386,0,0.06597085510058359,0
416,2156,0,0.04545721760192085,0
417,5242,0,0.19089290043566298,0
418,4546,0,0.04745960530763232,0
419,4567,0,0.10768646665909641,0
420,3204,0,0.053075127732590266,0
421,4396,0,0.5908298338388122,1
422,3519,0,0.13755847640921556,0
423,735,0,0.11110826989068373,0
424,1858,0,0.7513221590017937,1
425,4134,0,0.10611208818140157,0
426,4287,0,0.12219565388317402,0
427,1271,0,0.06917568338560565,0
428,3078,0,0.13088837474615195,0
429,4694,1,0.20927611408944566,0
430,2332,1,0.8524261387576787,1
431,360,0,0.0714378444487601,0
432,4175,1,0.07052367730288281,0
433,4003,0,0.07590630911517347,0
434,2313,0,0.05406616747404085,0
435,4204,1,0.6779348673473987,1
436,3064,1,0.785052856895586,1
437,4198,0,0.13768642995113803,0
438,4028,1,0.7671066643986449,1
439,369,0,0.12971686694999116,0
440,3336,0,0.04593260341344892,0
441,1620,1,0.9591696359777443,1
442,182,0,0.045967900705857836,0
443,1268,0,0.06262531425310351,0
444,2171,1,0.9163181972825135,1
445,1547,1,0.8679607836605732,1
446,421,0,0.11928666712603551,0
447,2291,0,0.06368593908108333,0
448,2424,0,0.06836976685293554,0
449,2119,1,0.9089708401462812,1
450,224,1,0.05491828629513595,0
451,5282,0,0.056528251347205294,0
452,5000,0,0.09165666144100393,0
453,2650,0,0.15067513507400113,0
454,3106,0,0.9384244484520524,1
455,5272,1,0.45522397715861546,0
456,101,0,0.20295793534836895,0
457,1413,0,0.06163936109605841,0
458,2077,1,0.33536084448183634,0
459,2560,0,0.05081081913335938,0
460,3450,0,0.08178788978349007,0
461,1614,0,0.057973694409829704,0
462,652,0,0.09620814573896318,0
463,2035,1,0.2034301768310729,0
464,869,1,0.8789198285341614,1
465,5129,0,0.9055408413492622,1
466,1183,0,0.3768593498361922,0
467,139,0,0.10074885724799082,0
468,4790,1,0.33982524208933534,0
469,2810,0,0.11669000561660539,0
470,2153,1,0.8861013974149641,1
471,3924,0,0.056276579511380244,0
472,1532,0,0.07621071770851696,0
473,4957,0,0.15067513507400113,0
474,5296,0,0.08517447348999838,0
475,1133,1,0.794708425753073,1
476,5271,1,0.18289967595088483,0
477,515,1,0.9090470759661483,1
478,4934,0,0.13107714756266195,0
479,4438,0,0.1300942390423642,0
480,2250,0,0.06915533244169797,0
481,1688,0,0.05396889378887222,0
482,2318,0,0.06331980007166128,0
483,1317,0,0.04730404308586963,0
484,2992,1,0.04592607751413753,0
485,2226,1,0.7594514943491482,1
486,292,0,0.059451020889624284,0
487,3798,0,0.13818113560609102,0
488,3445,0,0.050151626895743276,0
489,4898,0,0.13614675858661013,0
490,4256,0,0.06625246997851465,0
491,1578,1,0.15557206873600712,0
492,5038,0,0.12341733668412096,0
493,2278,1,0.8816580269078741,1
494,3531,1,0.811953176146904,1
495,2564,0,0.1271896058876546,0
496,1169,0,0.03818355275434133,0
497,4553,0,0.2141863100129986,0
498,337,0,0.8378317026624152,1
499,2233,1,0.23804867326665002,0
500,252,0,0.12485824625746679,0
501,3014,0,0.10650963119841186,0
502,3040,0,0.07086843586066525,0
503,4524,1,0.37449585388855156,0
504,3474,0,0.061930494904704446,0
505,4847,0,0.3543678307053151,0
506,704,1,0.9253248690971143,1
507,1440,0,0.07328725764482236,0
508,1573,0,0.06935276674373292,0
509,1283,1,0.18347673009648557,0
510,2336,0,0.20315077969351295,0
511,4412,0,0.06920649813669784,0
512,549,0,0.9090910445169876,1
513,4823,1,0.5452056661381812,1
514,2213,0,0.04799438467027547,0
515,4503,0,0.06155642822067068,0
516,2176,0,0.04990110458809895,0
517,4928,0,0.13221201083094578,0
518,2745,0,0.06173199199306416,0
519,989,1,0.6452346115230118,1
520,1841,1,0.9434056691178465,1
521,985,0,0.1600226078527427,0
522,3177,0,0.15760051846276915,0
523,4869,0,0.13156619767361344,0
524,632,0,0.13734311379176503,0
525,2160,0,0.43986213019988596,0
526,3565,1,0.37135538916671695,0
527,74,0,0.04249008825320447,0
528,4066,0,0.6595073360411814,1
529,2815,0,0.22872520570166283,0
530,3089,1,0.898234537915098,1
531,2787,1,0.6437297789973027,1
532,1071,1,0.928404428435157,1
533,62,0,0.09459716370816806,0
534,3596,0,0.04983244872488822,0
535,527,0,0.07901884997935832,0
536,4785,0,0.13756351382609944,0
537,3324,0,0.05201094193756514,0
538,1059,0,0.2138076633687514,0
539,1615,0,0.25846524909422997,0
540,979,0,0.05883966493495394,0
541,4933,0,0.07587187536367752,0
542,3886,0,0.10476518162164616,0
543,1598,0,0.08793149970773127,0
544,5047,0,0.08197057925747497,0
545,3722,0,0.06035518455403642,0
546,2419,0,0.10830898907649261,0
547,2286,0,0.06597547091449138,0
548,2906,1,0.393307022029467,0
549,1106,0,0.13919230460884552,0
550,809,0,0.13187597655532282,0
551,4680,0,0.06075316712294008,0
552,2057,0,0.036899856338417206,0
553,2275,1,0.5,0
554,2617,1,0.710190635304441,1
555,4080,0,0.17776303850582462,0
556,3165,1,0.9691023519780546,1
557,446,0,0.15408084091486085,0
558,696,0,0.05221579600377879,0
559,3626,0,0.06441279137112009,0
560,1387,0,0.029728422322856093,0
561,257,1,0.09183907841551185,0
562,2544,0,0.08680530496541376,0
563,3126,1,0.8768285630908088,1
564,3843,1,0.7080224985197746,1
565,4353,0,0.23765701048935423,0
566,4724,1,0.1374795355335951,0
567,4533,0,0.08812745897987737,0
568,1309,0,0.05198516433048256,0
569,3911,1,0.9202011751698621,1
570,2007,0,0.0713731321025171,0
571,95,1,0.9165007641384013,1
572,4585,0,0.13765453703823177,0
573,462,0,0.0629895689420916,0
574,4443,0,0.04188110215416868,0
575,5020,1,0.48579308273436833,0
576,1983,0,0.09806534626669797,0
577,3586,1,0.8810279819063345,1
578,1249,0,0.052044358018359965,0
579,3624,0,0.9196352661640564,1
580,2354,0,0.2914322263017341,0
581,759,1,0.3712177802350616,0
582,1291,0,0.12411865825715988,0
583,788,0,0.052044825595230305,0
584,940,0,0.18845667502687447,0
585,1454,0,0.06365180468606223,0
586,4060,1,0.21632401724921485,0
587,2197,0,0.05199999416825796,0
588,5223,1,0.2664238784845364,0
589,3419,0,0.04024314783598215,0
590,2135,0,0.05195151722856809,0
591,3090,0,0.05199599058750322,0
592,198,0,0.14594533849021654,0
593,4024,0,0.07874015994868348,0
594,261,1,0.06113697317137753,0
595,922,0,0.05950468374844323,0
596,4370,0,0.1363269262953107,0
597,1158,0,0.08025483853518299,0
598,2598,0,0.05196242073918417,0
599,666,1,0.563155314957402,1
600,2630,0,0.10314029551452253,0
601,607,0,0.07520689003316244,0
602,3264,0,0.11327058843034714,0
603,4420,0,0.12219544029524929,0
604,577,0,0.040243054665081684,0
605,4814,0,0.0577604944000379,0
606,3161,0,0.05305569145426002,0
607,4394,0,0.4558549775896662,0
608,4588,0,0.11812107377088042,0
609,936,0,0.15948705845047917,0
610,2078,0,0.042631165090628094,0
611,1364,1,0.17673425767659412,0
612,1324,0,0.05015656242959399,0
613,3127,0,0.12145764366637862,0
614,2190,0,0.10441961842588691,0
615,4610,0,0.05329373067224663,0
616,2441,0,0.070581069294953,0
617,424,0,0.09251921192019652,0
618,175,0,0.10371808252305795,0
619,3189,0,0.492187195977655,0
620,1508,0,0.052000288361918556,0
621,1546,0,0.14732349725284355,0
622,4833,0,0.6838083222188067,1
623,489,0,0.05055543863020006,0
624,4087,0,0.06559666931787649,0
625,2096,1,0.9091661159455235,1
626,3820,0,0.08689030007763936,0
627,394,0,0.1220981886365596,0
628,3032,0,0.11147719840396914,0
629,3412,0,0.04049906717208501,0
630,4534,0,0.14040991900350536,0
631,954,1,0.0878855125867702,0
632,3546,1,0.9294619961330944,1
633,4366,0,0.13756358253435644,0
634,1631,0,0.07215738052022377,0
635,1432,0,0.04223200713809949,0
636,5216,1,0.12277896555674624,0
637,1898,0,0.3669319252207178,0
638,2380,1,0.2983095247574724,0
639,2175,1,0.8586002020055123,1
640,4777,0,0.07950473663856014,0
641,4310,1,0.4351419259206305,0
642,4859,1,0.16458684467938525,0
643,4041,0,0.1389789035330409,0
644,1637,0,0.07077504414801039,0
645,768,0,0.10420688436086888,0
646,2836,0,0.15027978478078993,0
647,2593,1,0.45168306587808393,0
648,185,0,0.055874941267395374,0
649,3657,0,0.8408009755404012,1
650,889,1,0.062022338947759,0
651,4781,0,0.06339274845680926,0
652,5106,1,0.342662948694541,0
653,4979,0,0.05194988592864663,0
654,309,1,0.9113794344497713,1
655,2005,0,0.11090224184513912,0
656,4914,0,0.05489958553799644,0
657,4368,1,0.06982361095005803,0
658,3226,0,0.03402386598603235,0
659,1428,0,0.10217189560921916,0
660,2392,0,0.13707615668627654,0
661,4052,0,0.04682317454584716,0
662,5230,0,0.3440683870478489,0
663,4670,0,0.20100965196374418,0
664,977,1,0.9282784268345785,1
665,1833,0,0.031279130992619204,0
666,1029,0,0.7763879485514521,1
667,4354,1,0.042099523590672434,0
668,418,1,0.9673812883366548,1
669,3012,0,0.05198587337563826,0
670,3479,0,0.15235045086354146,0
671,2129,0,0.13085552387577884,0
672,3389,1,0.9448273079706746,1
673,4112,0,0.06356277851165572,0
674,3221,1,0.9388206392223153,1
675,614,0,0.051263288210146446,0
676,915,0,0.2268751069081644,0
677,598,0,0.13755197625822954,0
678,4618,0,0.11636163065293306,0
679,1950,1,0.8179925531612934,1
680,3661,0,0.08210182028741082,0
681,3933,0,0.05370100992953204,0
682,4596,0,0.07641272568315885,0
683,2027,0,0.17609386764797016,0
684,2383,0,0.05471357326471554,0
685,2036,0,0.11982855161036086,0
686,4321,0,0.1597182147878854,0
687,1804,0,0.11904569910119146,0
688,968,1,0.07302962600585416,0
689,1004,0,0.11656740789621702,0
690,3854,0,0.06711968947170412,0
691,5285,0,0.42161547707115204,0
692,1718,0,0.05373343011589314,0
693,4104,0,0.05507226578460325,0
694,1829,0,0.06146213631152101,0
695,4506,0,0.08074597199973006,0
696,4624,1,0.22283472715394234,0
697,3346,0,0.06732129531150036,0
698,1483,0,0.5,0
699,2537,0,0.26304248597923346,0
700,3909,0,0.15973808194916056,0
701,1709,0,0.14550212161224876,0
702,960,0,0.1273021725508275,0
703,4427,0,0.11457949345556494,0
704,1491,0,0.9080408175598091,1
705,4633,1,0.23963114064994606,0
706,4655,0,0.1381461118004776,0
707,1485,1,0.14340101779173245,0
708,3060,0,0.6420454423615732,1
709,5250,0,0.13754979580677199,0
710,3833,0,0.09300785002535902,0
711,1727,0,0.10583070332216271,0
712,2058,0,0.06860158475349223,0
713,3031,0,0.09340496750499984,0
714,2361,0,0.1373758071774044,0
715,3411,0,0.07163332064271605,0
716,1323,1,0.8945102712963657,1
717,674,0,0.572311250252374,1
718,3712,0,0.7028468891143531,1
719,2682,1,0.9417352642074163,1
720,4922,0,0.05218413663865981,0
721,621,0,0.0156442619256593,0
722,4276,0,0.42213225410385885,0
723,800,0,0.17474757772257346,0
724,4285,1,0.19987001041925717,0
725,3579,0,0.039343800835654405,0
726,3761,0,0.13555181433055385,0
727,969,0,0.13755879390848078,0
728,599,0,0.11839449096768494,0
729,1165,0,0.23580080534248268,0
730,4973,0,0.12499865722689048,0
731,544,0,0.07118637882423519,0
732,2321,0,0.044727333899414794,0
733,1708,1,0.917256834241937,1
734,2886,0,0.05333425708543113,0
735,3881,0,0.08577599271984442,0
736,1888,0,0.8164070246352656,1
737,2716,0,0.17139643631875345,0
738,4369,0,0.13756358303797284,0
739,4035,0,0.07097113194696102,0
740,1032,0,0.12445447083659288,0
741,1851,0,0.04708606691355528,0
742,3327,0,0.061113740924385956,0
743,2072,0,0.035006304943389424,0
744,3491,1,0.7158033553958466,1
745,5017,0,0.3133880613296801,0
746,2194,0,0.05195481094752056,0
747,2393,0,0.28365708553747565,0
748,1019,0,0.705799987124151,1
749,427,0,0.08171047428615767,0
750,2326,0,0.24388782988935753,0
751,2832,0,0.05204249032717414,0
752,5029,1,0.9090042813059427,1
753,3030,0,0.4212222943066046,0
754,3428,0,0.3656662653740917,0
755,1978,0,0.06965067268689186,0
756,2324,0,0.07028849417430293,0
757,2697,0,0.9037204432652993,1
758,156,0,0.15646907440548544,0
759,2505,0,0.10387371387248247,0
760,3422,0,0.06973105401326056,0
761,134,0,0.0831589480235652,0
762,4813,0,0.6739882612048965,1
763,905,0,0.06339840307908333,0
764,4706,0,0.11965774072626827,0
765,1457,0,0.027009752409203787,0
766,1524,0,0.19321376018159128,0
767,256,1,0.06795148585155295,0
768,2922,0,0.05400416183707376,0
769,776,0,0.036769370338753764,0
770,4299,0,0.05198587337563826,0
771,2970,0,0.1690452372339381,0
772,4782,0,0.8489337088491117,1
773,2570,0,0.10021325566679604,0
774,3687,0,0.06070011709460339,0
775,3819,1,0.16736375160068911,0
776,1712,0,0.5276933178095488,1
777,1792,0,0.13756358303797284,0
778,2069,1,0.9291932405596978,1
779,4941,1,0.06540439038275779,0
780,2299,0,0.06134591164825661,0
781,2231,0,0.20667236502189387,0
782,3556,0,0.15788364528317855,0
783,1586,1,0.6483782526870217,1
784,4762,0,0.39532577191587903,0
785,2790,1,0.9091139417926042,1
786,835,0,0.11258763016773914,0
787,3681,0,0.13863172253638495,0
788,2916,0,0.024383508289302004,0
789,3076,1,0.8986397075386994,1
790,3724,1,0.42728994357975375,0
791,4405,0,0.0806170453079753,0
792,1156,1,0.7500937136494373,1
793,1122,0,0.12161314243529814,0
794,482,0,0.10003769332609028,0
795,4729,0,0.12056692734992838,0
796,216,0,0.0937547557668317,0
797,2050,0,0.46929076716768137,0
798,5207,0,0.17646846767947041,0
799,1891,0,0.7358790756569019,1
800,225,0,0.060356053101415966,0
801,2723,0,0.06420602625190576,0
802,3691,0,0.059197597246102074,0
803,2539,0,0.038815937505845,0
804,4707,1,0.13283681816868773,0
805,3988,1,0.5834369640609262,1
806,1584,0,0.08075741816767795,0
807,4092,1,0.13417571521971042,0
808,3509,0,0.05950680379436947,0
809,4839,0,0.07697968945287058,0
810,85,0,0.14044278505974014,0
811,3455,0,0.12665437120484907,0
812,1234,1,0.8637430440528262,1
813,1618,0,0.8016536656858199,1
814,3251,0,0.21168879862540763,0
815,4543,0,0.30874243037695204,0
816,3052,0,0.15036763654213822,0
817,1613,1,0.9575218904410244,1
818,561,1,0.8131704675890004,1
819,2936,1,0.8933434323198979,1
820,4344,0,0.10591028464869091,0
821,2302,0,0.06602227722501268,0
822,2371,1,0.9091661159455235,1
823,4638,0,0.13727608236301803,0
824,1175,1,0.8986441947799789,1
825,3992,0,0.045108759073854816,0
826,75,0,0.057480501056099205,0
827,1531,0,0.02833522868578947,0
828,3612,1,0.20581855852331862,0
829,4398,1,0.5175792920685843,1
830,5125,0,0.13231973353466603,0
831,4126,0,0.05690116180640381,0
832,2711,0,0.2629333532150668,0
833,3920,1,0.5586568951503121,1
834,1676,0,0.060817535040412714,0
835,3211,0,0.04977790551385445,0
836,1934,0,0.06271837286846364,0
837,4226,0,0.4237516842563647,0
838,3865,0,0.13329322239497257,0
839,3217,0,0.21963533193720788,0
840,1818,0,0.11955189970781734,0
841,727,0,0.06750314853830262,0
842,282,0,0.8292285426963809,1
843,1895,0,0.03221789794376548,0
844,2097,0,0.017702484613658948,0
845,2522,0,0.0973337928378248,0
846,178,0,0.26974992442660833,0
847,3457,0,0.092674441023818,0
848,1642,0,0.05341764347979889,0
